-2.000000 -2.000000 19.739646
-1.800000 -2.000000 15.870615
-1.600000 -2.000000 12.496603
-1.400000 -2.000000 11.698213
-1.200000 -2.000000 14.299726
-1.000000 -2.000000 21.440978
-0.800000 -2.000000 28.455902
-0.600000 -2.000000 32.768479
-0.400000 -2.000000 33.755290
-0.200000 -2.000000 33.556287
0.000000 -2.000000 33.344348
0.200000 -2.000000 33.556241
0.400000 -2.000000 33.755222
0.600000 -2.000000 32.768526
0.800000 -2.000000 28.455983
1.000000 -2.000000 21.441091
1.200000 -2.000000 14.299727
1.400000 -2.000000 11.698435
1.600000 -2.000000 12.497520
1.800000 -2.000000 15.870792
2.000000 -2.000000 19.739777
-2.000000 -1.800000 15.918521
-1.800000 -1.800000 12.085785
-1.600000 -1.800000 11.820937
-1.400000 -1.800000 17.306210
-1.200000 -1.800000 27.106329
-1.000000 -1.800000 32.866307
-0.800000 -1.800000 31.903381
-0.600000 -1.800000 27.798084
-0.400000 -1.800000 24.162700
-0.200000 -1.800000 21.381783
0.000000 -1.800000 20.689216
0.200000 -1.800000 21.381607
0.400000 -1.800000 24.162246
0.600000 -1.800000 27.797473
0.800000 -1.800000 31.902898
1.000000 -1.800000 32.866169
1.200000 -1.800000 27.106450
1.400000 -1.800000 17.306316
1.600000 -1.800000 11.821193
1.800000 -1.800000 12.087214
2.000000 -1.800000 15.918842
-2.000000 -1.600000 12.306286
-1.800000 -1.600000 11.687237
-1.600000 -1.600000 18.535488
-1.400000 -1.600000 29.583493
-1.200000 -1.600000 32.660401
-1.000000 -1.600000 26.804619
-0.800000 -1.600000 18.797041
-0.600000 -1.600000 13.420184
-0.400000 -1.600000 9.738045
-0.200000 -1.600000 7.568989
0.000000 -1.600000 6.855974
0.200000 -1.600000 7.568627
0.400000 -1.600000 9.737327
0.600000 -1.600000 13.419248
0.800000 -1.600000 18.796026
1.000000 -1.600000 26.803183
1.200000 -1.600000 32.659821
1.400000 -1.600000 29.583755
1.600000 -1.600000 18.535661
1.800000 -1.600000 11.687631
2.000000 -1.600000 12.309082
-2.000000 -1.400000 11.194671
-1.800000 -1.400000 17.209137
-1.600000 -1.400000 29.435596
-1.400000 -1.400000 32.168670
-1.200000 -1.400000 23.358580
-1.000000 -1.400000 13.063430
-0.800000 -1.400000 6.157658
-0.600000 -1.400000 1.931094
-0.400000 -1.400000 1.289335
-0.200000 -1.400000 3.141717
0.000000 -1.400000 4.313731
0.200000 -1.400000 3.142202
0.400000 -1.400000 1.289533
0.600000 -1.400000 1.930183
0.800000 -1.400000 6.155842
1.000000 -1.400000 13.061418
1.200000 -1.400000 23.355908
1.400000 -1.400000 32.167570
1.600000 -1.400000 29.435943
1.800000 -1.400000 17.209062
2.000000 -1.400000 11.195721
-2.000000 -1.200000 14.083076
-1.800000 -1.200000 26.701759
-1.600000 -1.200000 32.800669
-1.400000 -1.200000 23.421081
-1.200000 -1.200000 10.867482
-1.000000 -1.200000 2.830819
-0.800000 -1.200000 0.903314
-0.600000 -1.200000 11.464631
-0.400000 -1.200000 33.351850
-0.200000 -1.200000 55.753750
0.000000 -1.200000 63.981151
0.200000 -1.200000 55.757025
0.400000 -1.200000 33.358617
0.600000 -1.200000 11.470574
0.800000 -1.200000 0.904541
1.000000 -1.200000 2.828077
1.200000 -1.200000 10.864117
1.400000 -1.200000 23.416877
1.600000 -1.200000 32.799651
1.800000 -1.200000 26.701618
2.000000 -1.200000 14.082449
-2.000000 -1.000000 21.077760
-1.800000 -1.000000 32.585481
-1.600000 -1.000000 27.251399
-1.400000 -1.000000 12.482662
-1.200000 -1.000000 2.581024
-1.000000 -1.000000 1.866263
-0.800000 -1.000000 26.534448
-0.600000 -1.000000 79.932502
-0.400000 -1.000000 126.068152
-0.200000 -1.000000 149.243609
0.000000 -1.000000 155.181726
0.200000 -1.000000 149.241966
0.400000 -1.000000 126.071429
0.600000 -1.000000 79.946156
0.800000 -1.000000 26.552471
1.000000 -1.000000 1.871129
1.200000 -1.000000 2.576610
1.400000 -1.000000 12.477615
1.600000 -1.000000 27.246182
1.800000 -1.000000 32.585044
2.000000 -1.000000 20.889926
-2.000000 -0.800000 27.668375
-1.800000 -0.800000 32.538472
-1.600000 -0.800000 18.378638
-1.400000 -0.800000 5.180429
-1.200000 -0.800000 0.684987
-1.000000 -0.800000 26.277786
-0.800000 -0.800000 98.357681
-0.600000 -0.800000 154.346009
-0.400000 -0.800000 155.455235
-0.200000 -0.800000 140.075755
0.000000 -0.800000 132.220641
0.200000 -0.800000 140.062711
0.400000 -0.800000 155.435131
0.600000 -0.800000 154.333687
0.800000 -0.800000 98.379679
1.000000 -0.800000 26.309806
1.200000 -0.800000 0.688621
1.400000 -0.800000 5.154487
1.600000 -0.800000 18.372706
1.800000 -0.800000 32.536014
2.000000 -0.800000 27.667445
-2.000000 -0.600000 32.020711
-1.800000 -0.600000 28.688861
-1.600000 -0.600000 11.979603
-1.400000 -0.600000 1.272556
-1.200000 -0.600000 10.894462
-1.000000 -0.600000 79.394126
-0.800000 -0.600000 154.318477
-0.600000 -0.600000 146.369598
-0.400000 -0.600000 93.072039
-0.200000 -0.600000 61.641423
0.000000 -0.600000 52.969415
0.200000 -0.600000 61.633989
0.400000 -0.600000 93.047524
0.600000 -0.600000 146.317127
0.800000 -0.600000 154.294951
1.000000 -0.600000 79.440687
1.200000 -0.600000 10.927666
1.400000 -0.600000 1.265452
1.600000 -0.600000 11.968773
1.800000 -0.600000 28.680232
2.000000 -0.600000 32.022548
-2.000000 -0.400000 33.562495
-1.800000 -0.400000 24.532894
-1.600000 -0.400000 7.846802
-1.400000 -0.400000 0.809206
-1.200000 -0.400000 32.389725
-1.000000 -0.400000 125.632318
-0.800000 -0.400000 155.565036
-0.600000 -0.400000 93.026977
-0.400000 -0.400000 40.580274
-0.200000 -0.400000 35.833208
0.000000 -0.400000 40.029298
0.200000 -0.400000 35.826085
0.400000 -0.400000 40.573584
0.600000 -0.400000 92.973606
0.800000 -0.400000 155.479856
1.000000 -0.400000 125.656510
1.200000 -0.400000 32.472063
1.400000 -0.400000 0.812989
1.600000 -0.400000 7.830204
1.800000 -0.400000 24.517946
2.000000 -0.400000 33.562621
-2.000000 -0.200000 33.876281
-1.800000 -0.200000 21.141700
-1.600000 -0.200000 5.703379
-1.400000 -0.200000 2.539330
-1.200000 -0.200000 54.562392
-1.000000 -0.200000 149.044610
-0.800000 -0.200000 140.144334
-0.600000 -0.200000 61.519334
-0.400000 -0.200000 35.826126
-0.200000 -0.200000 64.957429
0.000000 -0.200000 81.789139
0.200000 -0.200000 64.908234
0.400000 -0.200000 35.806316
0.600000 -0.200000 61.472566
0.800000 -0.200000 139.993380
1.000000 -0.200000 149.011375
1.200000 -0.200000 54.673936
1.400000 -0.200000 2.564547
1.600000 -0.200000 5.660048
1.800000 -0.200000 21.756109
2.000000 -0.200000 33.878010
-2.000000 0.000000 33.845285
-1.800000 0.000000 20.227124
-1.600000 0.000000 5.047075
-1.400000 0.000000 3.635162
-1.200000 0.000000 62.745129
-1.000000 0.000000 155.082883
-0.800000 0.000000 132.242349
-0.600000 0.000000 52.831813
-0.400000 0.000000 40.038121
-0.200000 0.000000 81.804423
0.000000 0.000000 101.130340
0.200000 0.000000 81.712685
0.400000 0.000000 39.996628
0.600000 0.000000 52.773500
0.800000 0.000000 132.023557
1.000000 0.000000 154.998659
1.200000 0.000000 62.900365
1.400000 0.000000 3.681357
1.600000 0.000000 4.993453
1.800000 0.000000 20.204101
2.000000 0.000000 33.850196
-2.000000 0.200000 33.876211
-1.800000 0.200000 21.141435
-1.600000 0.200000 5.702981
-1.400000 0.200000 2.539961
-1.200000 0.200000 54.566735
-1.000000 0.200000 149.042646
-0.800000 0.200000 140.127898
-0.600000 0.200000 61.510246
-0.400000 0.200000 35.817614
-0.200000 0.200000 64.900224
0.000000 0.200000 81.685959
0.200000 0.200000 64.811361
0.400000 0.200000 35.780911
0.600000 0.200000 61.414303
0.800000 0.200000 139.834791
1.000000 0.200000 148.978225
1.200000 0.200000 54.777291
1.400000 0.200000 2.594960
1.600000 0.200000 5.645024
1.800000 0.200000 21.708697
2.000000 0.200000 33.892958
-2.000000 0.400000 33.562397
-1.800000 0.400000 24.532194
-1.600000 0.400000 7.845998
-1.400000 0.400000 0.809471
-1.200000 0.400000 32.398775
-1.000000 0.400000 125.636871
-0.800000 0.400000 155.538725
-0.600000 0.400000 92.996203
-0.400000 0.400000 40.571874
-0.200000 0.400000 35.809826
0.000000 0.400000 39.982071
0.200000 0.400000 35.785571
0.400000 0.400000 40.539644
0.600000 0.400000 92.786976
0.800000 0.400000 155.197631
1.000000 0.400000 125.725269
1.200000 0.400000 32.751346
1.400000 0.400000 0.829092
1.600000 0.400000 7.813097
1.800000 0.400000 24.444054
2.000000 0.400000 33.728653
-2.000000 0.600000 32.020765
-1.800000 0.600000 28.687958
-1.600000 0.600000 11.978411
-1.400000 0.600000 1.271513
-1.200000 0.600000 10.902296
-1.000000 0.600000 79.412444
-0.800000 0.600000 154.302512
-0.600000 0.600000 146.302520
-0.400000 0.600000 93.005884
-0.200000 0.600000 61.584455
0.000000 0.600000 52.901162
0.200000 0.600000 61.525693
0.400000 0.600000 92.821237
0.600000 0.600000 145.933288
0.800000 0.600000 154.142021
1.000000 0.600000 79.807450
1.200000 0.600000 11.197498
1.400000 0.600000 1.244807
1.600000 0.600000 11.899789
1.800000 0.600000 28.716020
2.000000 0.600000 31.976564
-2.000000 0.800000 27.668453
-1.800000 0.800000 32.537829
-1.600000 0.800000 18.377221
-1.400000 0.800000 5.178224
-1.200000 0.800000 0.686641
-1.000000 0.800000 26.302071
-0.800000 0.800000 98.386741
-0.600000 0.800000 154.315440
-0.400000 0.800000 155.348191
-0.200000 0.800000 139.889924
0.000000 0.800000 131.960190
0.200000 0.800000 139.725767
0.400000 0.800000 155.059496
0.600000 0.800000 154.161505
0.800000 0.800000 98.746391
1.000000 0.800000 26.841015
1.200000 0.800000 0.746692
1.400000 0.800000 5.102833
1.600000 0.800000 18.949107
1.800000 0.800000 32.610537
2.000000 0.800000 27.507004
-2.000000 1.000000 20.890301
-1.800000 1.000000 32.585293
-1.600000 1.000000 27.249337
-1.400000 1.000000 12.479956
-1.200000 1.000000 2.577388
-1.000000 1.000000 1.872963
-0.800000 1.000000 26.577785
-0.600000 1.000000 79.993541
-0.400000 1.000000 126.098377
-0.200000 1.000000 149.200454
0.000000 1.000000 155.077360
0.200000 1.000000 149.163847
0.400000 1.000000 126.179041
0.600000 1.000000 80.395806
0.800000 1.000000 27.126577
1.000000 1.000000 2.011980
1.200000 1.000000 2.477075
1.400000 1.000000 12.461235
1.600000 1.000000 27.400448
1.800000 1.000000 32.811686
2.000000 1.000000 20.637862
-2.000000 1.200000 14.083059
-1.800000 1.200000 26.701868
-1.600000 1.200000 32.799922
-1.400000 1.200000 23.417304
-1.200000 1.200000 10.862768
-1.000000 1.200000 2.824280
-0.800000 1.200000 0.908445
-0.600000 1.200000 11.510538
-0.400000 1.200000 33.461425
-0.200000 1.200000 55.896421
0.000000 1.200000 64.173690
0.200000 1.200000 56.039704
0.400000 1.200000 33.813355
0.600000 1.200000 11.820417
0.800000 1.200000 0.969879
1.000000 1.200000 2.721746
1.200000 1.200000 10.833495
1.400000 1.200000 23.525196
1.600000 1.200000 32.959940
1.800000 1.200000 26.367025
2.000000 1.200000 14.209894
-2.000000 1.400000 11.195027
-1.800000 1.400000 17.209201
-1.600000 1.400000 29.435923
-1.400000 1.400000 32.167275
-1.200000 1.400000 23.352850
-1.000000 1.400000 13.056120
-0.800000 1.400000 6.130056
-0.600000 1.400000 1.919145
-0.400000 1.400000 1.294568
-0.200000 1.400000 3.177235
0.000000 1.400000 4.384601
0.200000 1.400000 3.227539
0.400000 1.400000 1.315828
0.600000 1.400000 1.883060
0.800000 1.400000 6.063476
1.000000 1.400000 13.053406
1.200000 1.400000 23.479161
1.400000 1.400000 32.382018
1.600000 1.400000 29.295280
1.800000 1.400000 16.922607
2.000000 1.400000 11.293180
-2.000000 1.600000 12.307957
-1.800000 1.600000 11.687632
-1.600000 1.600000 18.535584
-1.400000 1.600000 29.583983
-1.200000 1.600000 32.659274
-1.000000 1.600000 26.798014
-0.800000 1.600000 18.789170
-0.600000 1.600000 13.403335
-0.400000 1.600000 9.709007
-0.200000 1.600000 7.510967
0.000000 1.600000 6.783428
0.200000 1.600000 7.463075
0.400000 1.600000 9.644551
0.600000 1.600000 13.342841
0.800000 1.600000 19.376086
1.000000 1.600000 27.002831
1.200000 1.600000 32.853822
1.400000 1.600000 29.440047
1.600000 1.600000 18.221631
1.800000 1.600000 11.713316
2.000000 1.600000 12.460088
-2.000000 1.800000 15.918861
-1.800000 1.800000 12.088295
-1.600000 1.800000 11.821606
-1.400000 1.800000 17.305816
-1.200000 1.800000 27.105916
-1.000000 1.800000 32.866243
-0.800000 1.800000 31.901240
-0.600000 1.800000 27.788619
-0.400000 1.800000 24.145391
-0.200000 1.800000 21.943473
0.000000 1.800000 21.203599
0.200000 1.800000 21.889882
0.400000 1.800000 24.110497
0.600000 1.800000 27.891329
0.800000 1.800000 32.048793
1.000000 1.800000 33.121480
1.200000 1.800000 26.734877
1.400000 1.800000 17.005497
1.600000 1.800000 11.855568
1.800000 1.800000 12.236009
2.000000 1.800000 15.778329
-2.000000 2.000000 19.739928
-1.800000 2.000000 15.871237
-1.600000 2.000000 12.501342
-1.400000 2.000000 11.700151
-1.200000 2.000000 14.298467
-1.000000 2.000000 21.232548
-0.800000 2.000000 28.454018
-0.600000 2.000000 32.772549
-0.400000 2.000000 33.759750
-0.200000 2.000000 33.566577
0.000000 2.000000 33.365221
0.200000 2.000000 33.549545
0.400000 2.000000 33.956492
0.600000 2.000000 32.745450
0.800000 2.000000 28.257759
1.000000 2.000000 20.929679
1.200000 2.000000 14.107521
1.400000 2.000000 11.814943
1.600000 2.000000 12.643796
1.800000 2.000000 15.727246
2.000000 2.000000 19.583567
